400	0.456161
401	0.455109
402	0.454099
403	0.453066
404	0.45208
405	0.451037
406	0.450088
407	0.449223
408	0.448231
409	0.447241
410	0.446359
411	0.445501
412	0.444562
413	0.443763
414	0.442973
415	0.442237
416	0.44152
417	0.44067
418	0.439983
419	0.439246
420	0.438604
421	0.438289
422	0.437669
423	0.437069
424	0.436506
425	0.435952
426	0.435346
427	0.434882
428	0.434449
429	0.434065
430	0.433652
431	0.433276
432	0.432922
433	0.432622
434	0.432247
435	0.431931
436	0.431699
437	0.431495
438	0.431291
439	0.431051
440	0.430842
441	0.430754
442	0.430609
443	0.430505
444	0.43046
445	0.430477
446	0.430553
447	0.430685
448	0.430844
449	0.431075
450	0.431346
451	0.431717
452	0.432033
453	0.432437
454	0.432888
455	0.433413
456	0.433989
457	0.434636
458	0.435351
459	0.436176
460	0.436992
461	0.437894
462	0.438872
463	0.439964
464	0.441175
465	0.442448
466	0.443893
467	0.445422
468	0.447031
469	0.448763
470	0.450613
471	0.452601
472	0.454693
473	0.456991
474	0.459431
475	0.462039
476	0.464844
477	0.467826
478	0.470982
479	0.474277
480	0.477856
481	0.481675
482	0.485752
483	0.490065
484	0.494639
485	0.499467
486	0.504599
487	0.510056
488	0.515748
489	0.521697
490	0.527909
491	0.53447
492	0.541274
493	0.548347
494	0.555731
495	0.563311
496	0.571159
497	0.579254
498	0.587562
499	0.596054
500	0.604627
501	0.613333
502	0.622164
503	0.631033
504	0.63986
505	0.648653
506	0.657419
507	0.666006
508	0.674387
509	0.682587
510	0.690455
511	0.698111
512	0.705362
513	0.712219
514	0.718758
515	0.724806
516	0.73044
517	0.735578
518	0.740278
519	0.744502
520	0.748227
521	0.751515
522	0.754257
523	0.756539
524	0.758322
525	0.759608
526	0.760373
527	0.760716
528	0.760618
529	0.760027
530	0.759077
531	0.757695
532	0.755865
533	0.753658
534	0.750961
535	0.747986
536	0.744601
537	0.740881
538	0.736751
539	0.732317
540	0.727522
541	0.722401
542	0.716842
543	0.711047
544	0.704976
545	0.698608
546	0.691865
547	0.68497
548	0.677801
549	0.670353
550	0.662639
551	0.65471
552	0.646611
553	0.638263
554	0.629753
555	0.621062
556	0.612287
557	0.603374
558	0.594361
559	0.585306
560	0.576125
561	0.56692
562	0.557626
563	0.548316
564	0.538961
565	0.529606
566	0.52026
567	0.510958
568	0.501687
569	0.492437
570	0.483211
571	0.473977
572	0.464906
573	0.455874
574	0.446958
575	0.438169
576	0.429527
577	0.42102
578	0.412548
579	0.404221
580	0.395967
581	0.387826
582	0.379813
583	0.371906
584	0.36412
585	0.35651
586	0.348969
587	0.341688
588	0.334505
589	0.327458
590	0.320597
591	0.313808
592	0.307175
593	0.300657
594	0.29422
595	0.287983
596	0.281833
597	0.275824
598	0.270004
599	0.264277
600	0.258687
601	0.253147
602	0.24784
603	0.242654
604	0.23763
605	0.232725
606	0.227927
607	0.223236
608	0.218694
609	0.214257
610	0.209895
611	0.205638
612	0.201493
613	0.19747
614	0.193497
615	0.189616
616	0.185858
617	0.182206
618	0.178643
619	0.175183
620	0.171788
621	0.168511
622	0.165304
623	0.16215
624	0.15908
625	0.156058
626	0.153177
627	0.150355
628	0.147552
629	0.144881
630	0.142264
631	0.139674
632	0.137166
633	0.134679
634	0.132239
635	0.129914
636	0.127623
637	0.125389
638	0.123197
639	0.121039
640	0.11894
641	0.116906
642	0.114914
643	0.11296
644	0.111047
645	0.109149
646	0.107333
647	0.105588
648	0.103815
649	0.102114
650	0.100442
651	0.0988283
652	0.0972683
653	0.0956995
654	0.0942016
655	0.0927336
656	0.0913103
657	0.0898845
658	0.0885431
659	0.0871855
660	0.0858602
661	0.0845608
662	0.0832876
663	0.0820807
664	0.0808352
665	0.0797071
666	0.0785737
667	0.0774739
668	0.0763679
669	0.0752843
670	0.0742588
671	0.0732044
672	0.0721336
673	0.0711363
674	0.0701942
675	0.0692444
676	0.0683117
677	0.0674197
678	0.0665496
679	0.0656841
680	0.0647825
681	0.0639604
682	0.0631172
683	0.0622619
684	0.0614521
685	0.060679
686	0.0599369
687	0.0591375
688	0.0583782
689	0.0576868
690	0.0570095
691	0.0563097
692	0.0556193
693	0.0549875
694	0.0543687
695	0.0537169
696	0.0530618
697	0.0524511
698	0.0518356
699	0.0512347
700	0.050618
701	0.0500015
702	0.0494303
703	0.0488669
704	0.0482956
705	0.0477835
706	0.0472514
707	0.0467779
708	0.0462693
709	0.04575
710	0.0452563
711	0.0448097
712	0.0443331
713	0.0438431
714	0.0433714
715	0.0429435
716	0.0424953
717	0.0420624
718	0.0415861
719	0.0411798
720	0.0407956
721	0.0403871
722	0.0399698
723	0.0395914
724	0.039255
725	0.0388619
726	0.0384707
727	0.0381028
728	0.0377286
729	0.0373878
730	0.0369866
731	0.0366696
732	0.0363473
733	0.0360253
734	0.0356727
735	0.0352774
736	0.0349584
737	0.0346342
738	0.0342702
739	0.0339151
740	0.0336174
741	0.0332463
742	0.0329928
743	0.032699
744	0.0323122
745	0.0320039
746	0.0317186
747	0.0314922
748	0.0311949
749	0.0309044
750	0.0306225
751	0.0303439
752	0.0300753
753	0.0297755
754	0.0295355
755	0.0292678
756	0.0290111
757	0.0287515
758	0.0284893
759	0.0282496
760	0.0280122
761	0.027731
762	0.0275195
763	0.0272905
764	0.027116
765	0.0268503
766	0.0266158
767	0.0263723
768	0.0261096
769	0.0258966
770	0.0256291
771	0.0253588
772	0.025181
773	0.0249794
774	0.024771
775	0.0245258
776	0.024324
777	0.0240758
778	0.0238476
779	0.0235926
780	0.023386
781	0.0232779
782	0.0230857
783	0.0229291
784	0.0228171
785	0.0226107
786	0.0225107
787	0.0223791
788	0.0221413
789	0.0219777
790	0.021708
791	0.0214428
792	0.0212604
793	0.0209931
794	0.0209527
795	0.0207255
796	0.0206484
797	0.0204157
798	0.0203589
799	0.0201963
800	0.0199199
